[
([[937, 80], [1083, 80], [1083, 140], [937, 140]], '2018', 0.8350465297698975),
([[963, 140], [1065, 140], [1065, 178], [963, 178]], '第1期', 0.9942047595977783),
([[91, 142], [428, 142], [428, 174], [91, 174]], 'A[CCcrvocg](>3114|', 2.1826762619525653e-09),
([[905, 173], [1109, 173], [1109, 213], [905, 213]], '(总第 599号)', 0.65056312084198),
([[97, 179], [431, 179], [431, 215], [97, 215]], '西藏自治区人民政府公报', 0.7051081657409668),
([[796, 290], [908, 290], [908, 340], [796, 340]], '目录', 0.9916638731956482),
([[672, 410], [880, 410], [880, 440], [672, 440]], '2018 年政府工作报告', 0.7701514363288879),
([[761, 489], [967, 489], [967, 527], [761, 527]], '自治区政府文件', 0.9588109850883484),
([[668, 536], [1112, 536], [1112, 568], [668, 568]], '西藏自治区人民政府关于废止和宣布失效部分', 0.589400053024292),
([[623, 543], [651, 543], [651, 563], [623, 563]], '20', 0.9734342098236084),
([[205, 544], [367, 544], [367, 586], [205, 586]], '编辑委员会', 0.4747222363948822),
([[692, 582], [874, 582], [874, 612], [692, 612]], '规范性文件的决定', 0.9234285950660706),
([[149, 603], [281, 603], [281, 631], [149, 631]], '任:石谋军', 0.7596279382705688),
([[68, 606], [94, 606], [94, 630], [68, 630]], '主', 0.9981445074081421),
([[68, 634], [226, 634], [226, 660], [68, 660]], '常务副主任:朱', 0.9923368096351624),
([[254, 634], [282, 634], [282, 662], [254, 662]], '强', 0.9937742352485657),
([[719, 657], [1009, 657], [1009, 693], [719, 693]], '自治区政府办公厅文件', 0.9553064703941345),
([[68, 662], [284, 662], [284, 692], [68, 692]], '副主任:蔡功文', 0.7537540793418884),
([[68, 690], [98, 690], [98, 720], [68, 720]], '成', 0.9978173971176147),
([[150, 692], [390, 692], [390, 722], [150, 722]], '员:普布次仁杜建功', 0.2185351699590683),
([[400, 692], [490, 692], [490, 720], [400, 720]], '赤列旺杰', 0.9947046041488647),
([[668, 712], [1114, 712], [1114, 744], [668, 744]], '西藏自治区人民政府办公厅关于严格控制新设', 0.4352881908416748),
([[622, 716], [650, 716], [650, 740], [622, 740]], '23', 0.6072851419448853),
([[256, 722], [282, 722], [282, 746], [256, 746]], '飞', 0.9981750249862671),
([[298, 722], [390, 722], [390, 750], [298, 750]], '赤列多吉', 0.9840047359466553),
([[402, 722], [426, 722], [426, 748], [402, 748]], '吕', 0.9039156436920166),
([[462, 722], [490, 722], [490, 750], [462, 750]], '涛', 0.99753737449646),
([[295, 749], [389, 749], [389, 777], [295, 777]], '嘎玛泽登', 0.9796634316444397),
([[192, 750], [286, 750], [286, 780], [192, 780]], '拉巴次仁', 0.9628115296363831),
([[404, 750], [490, 750], [490, 780], [404, 780]], '肖传 江', 0.5101179480552673),
([[690, 756], [850, 756], [850, 788], [690, 788]], '行政许可的通知', 0.744551420211792),
([[196, 780], [390, 780], [390, 808], [196, 808]], '郎 福宽李富忠', 0.2317424863576889),
([[402, 780], [490, 780], [490, 806], [402, 806]], '梁 建平', 0.48051148653030396),
([[454, 800], [499, 800], [499, 899], [454, 899]], '辜', 0.4303150773048401),
([[194, 808], [218, 808], [218, 834], [194, 834]], '罗', 0.4818323254585266),
([[296, 808], [388, 808], [388, 836], [296, 836]], '斯朗尼玛', 0.967930793762207),
([[254, 810], [284, 810], [284, 836], [254, 836]], '杰', 0.9927699565887451),
([[402, 810], [430, 810], [430, 836], [402, 836]], '永', 0.9958571195602417),
([[194, 838], [284, 838], [284, 866], [194, 866]], '孙献忠', 0.42846548557281494),
([[298, 838], [326, 838], [326, 866], [298, 866]], '杜', 0.9980075359344482),
([[358, 838], [388, 838], [388, 868], [358, 868]], '杰', 0.995525598526001),
([[402, 838], [428, 838], [428, 864], [402, 864]], '云', 0.9961063861846924),
([[667, 844], [1113, 844], [1113, 876], [667, 876]], '西藏自治区人民政府办公厅印发关于推进农业', 0.913801908493042),
([[623, 849], [651, 849], [651, 869], [623, 869]], '26', 0.9132424592971802),
([[298, 866], [328, 866], [328, 896], [298, 896]], '岗', 0.5904739499092102),
([[360, 866], [390, 866], [390, 896], [360, 896]], '青', 0.9972625374794006),
([[402, 866], [464, 866], [464, 892], [402, 892]], '王云', 0.9947556853294373),
([[194, 868], [220, 868], [220, 892], [194, 892]], '边', 0.9985940456390381),
([[256, 868], [282, 868], [282, 892], [256, 892]], '巴', 0.884597897529602),
([[692, 888], [982, 888], [982, 918], [692, 918]], '水价综合改革实施方案的通知', 0.8134505748748779),
([[194, 896], [394, 896], [394, 926], [194, 926]], '王松平孙秀春', 0.7565016150474548),
([[404, 896], [492, 896], [492, 924], [404, 924]], '自曼央宗', 0.3257259428501129),
([[194, 924], [492, 924], [492, 954], [194, 954]], '李海 波达娃欧珠刘家杰', 0.5759430527687073),
([[194, 954], [222, 954], [222, 982], [194, 982]], '韩', 0.9961516261100769),
([[254, 954], [284, 954], [284, 982], [254, 982]], '辉', 0.9866463541984558),
([[296, 954], [492, 954], [492, 984], [296, 984]], '尼玛次仁达木拉', 0.7135175466537476),
([[670, 974], [1104, 974], [1104, 1006], [670, 1006]], '西藏自治区人民政府办公厅关于印发西藏自治', 0.6660953760147095),
([[624, 978], [652, 978], [652, 1002], [624, 1002]], '32', 0.9505705237388611),
([[192, 984], [282, 984], [282, 1010], [192, 1010]], '格桑玉珍', 0.9395876526832581),
([[296, 984], [494, 984], [494, 1014], [296, 1014]], '刘柏呈尹分水', 0.6076148152351379),
([[192, 1012], [280, 1012], [280, 1040], [192, 1040]], '尼玛扎西', 0.9584405422210693),
([[974, 1018], [1112, 1018], [1112, 1050], [974, 1050]], '实施方案的通', 0.45979616045951843),
([[694, 1020], [850, 1020], [850, 1048], [694, 1048]], '区推进"互联网', 0.5912272930145264),
 ([[866, 1020], [964, 1020], [964, 1050], [866, 1050]], "政务服务'", 0.40284109115600586),
 ([[853, 1027], [867, 1027], [867, 1041], [853, 1041]], '+', 0.916393518447876),
 ([[150, 1041], [282, 1041], [282, 1071], [150, 1071]], '编:蔡功文', 0.7460179924964905),
 ([[70, 1042], [94, 1042], [94, 1068], [70, 1068]], '主', 0.9984889030456543),
 ([[692, 1064], [720, 1064], [720, 1090], [692, 1090]], '知', 0.9956784248352051),
 ([[68, 1070], [282, 1070], [282, 1098], [68, 1098]], '副主编:邬晓斌', 0.16042402386665344),
 ([[68, 1099], [391, 1099], [391, 1129], [68, 1129]], '责任编辑:王新卫苏远尚', 0.3743240535259247),
 ([[398, 1100], [490, 1100], [490, 1126], [398, 1126]], '嘎松达瓦', 0.7217663526535034),
 ([[66, 1129], [283, 1129], [283, 1158], [66, 1158]], '版面设计:格桑多吉', 0.8796184062957764),
 ([[668, 1150], [1112, 1150], [1112, 1182], [668, 1182]], '西藏自治区人民政府办公厅关于印发推进全区', 0.617348313331604),
 ([[625, 1155], [651, 1155], [651, 1175], [625, 1175]], '38', 0.9809707403182983),
 ([[68, 1190], [392, 1190], [392, 1220], [68, 1220]], '主管单位:西藏自治区人民政府', 0.7944688200950623),
 ([[690, 1194], [1112, 1194], [1112, 1224], [690, 1224]], '城镇人口密集区危险化学品生产企业搬迁改', 0.30948325991630554),
 ([[70, 1215], [450, 1215], [450, 1244], [70, 1244]], '主办单位:西藏自治区人民政府办公厅', 0.903214156627655),
 ([[690, 1238], [914, 1238], [914, 1268], [690, 1268]], '造工作实施方案的通知', 0.9649383425712585),
 ([[70, 1240], [334, 1240], [334, 1269], [70, 1269]], '国内统一刊号: CN54-1059/D', 0.11547617614269257),
 ([[68, 1266], [190, 1266], [190, 1294], [68, 1294]], '邮发代号:', 0.98919278383255),
 ([[196, 1268], [254, 1268], [254, 1292], [196, 1292]], '68-19', 0.8642696142196655),
 ([[68, 1290], [490, 1290], [490, 1322], [68, 1322]], '地址:西藏自治区拉萨市康昂东路1号附2号', 0.940803050994873),
 ([[736, 1308], [998, 1308], [998, 1346], [736, 1346]], '自治区政府部门文件', 0.8816013336181641),
 ([[68, 1316], [124, 1316], [124, 1344], [68, 1344]], '邮编:', 0.9747205972671509),
 ([[130, 1318], [200, 1318], [200, 1342], [130, 1342]], '850000', 0.4867708384990692),
 ([[70, 1342], [124, 1342], [124, 1368], [70, 1368]], '电话:', 0.997567892074585),
 ([[150, 1342], [198, 1342], [198, 1366], [150, 1366]], '0891', 0.9505702257156372),
 ([[212, 1342], [294, 1342], [294, 1368], [212, 1368]], '6318240', 0.5621071457862854),
 ([[625, 1361], [925, 1361], [925, 1393], [625, 1393]], '自治区发展和改革委员会文件', 0.34559476375579834),
 ([[70, 1367], [188, 1367], [188, 1395], [70, 1395]], '网址: http:', 0.5724436044692993),
 ([[196, 1370], [388, 1370], [388, 1396], [196, 1396]], 'AwWw. Xizang. gov. cn', 0.03692437335848808),
 ([[68, 1392], [124, 1392], [124, 1418], [68, 1418]], '传真:', 0.9898673295974731),
 ([[138, 1392], [198, 1392], [198, 1416], [138, 1416]], '( 0891', 0.8431642651557922),
 ([[214, 1394], [294, 1394], [294, 1418], [214, 1418]], '6333376', 0.9665710926055908),
 ([[668, 1402], [1000, 1402], [1000, 1434], [668, 1434]], '政府定价经菅服务性收费月录清单', 0.5693455338478088),
 ([[622, 1406], [650, 1406], [650, 1430], [622, 1430]], '42', 0.9918888807296753),
 ([[132, 1416], [342, 1416], [342, 1444], [132, 1444]], '西藏龙胜印务有限公司', 0.9143906831741333),
 ([[68, 1418], [124, 1418], [124, 1444], [68, 1444]], '印刷:', 0.9904175400733948),
 ([[202, 1481], [246, 1481], [246, 1609], [202, 1609]], '鼍', 0.10632731765508652)]
